Values: 
First vector      Second vector
-3.645229957     3.3500859
4.688677711     -2.78965957
-1.918329495     0.4722059637
-3.11618024     4.928813019
4.964613255     4.67694937
2.258389632     4.811096918
-3.901382492     2.981058567
-2.029705504     -4.952165156
-3.875354839     1.397633571
3.784306454     0.03662677705
2.979286152     -1.387059987
-2.880756676     1.813595386
-1.012614801     2.406472447
-0.2524131938     -0.7791231889
-3.26134828     -1.980868731
2.972799152     -1.834495552
3.724288201     -3.508860236
4.940684943     3.219032648
-3.748172355     2.637500126
-0.09410960379     1.636055205
-3.741033665     -2.897909255
-4.487835742     -4.635587484
-0.9126883904     -0.4201084457
-0.1243107313     2.939749715
4.208747912     3.075310254
2.057742517     -4.971815674
2.107038751     1.439609565
-0.439671755     2.739171289
0.737546666     3.767574151
3.081754901     -4.822261044
3.212459916     3.208407842
4.400740288     -0.8733348509
-0.7683488357     0.8095667766
-3.419424154     2.617312137
-2.698439355     3.097345487
4.885216008     -1.675517177
-2.001682942     -4.864608733
-2.827621605     4.073647178
3.48467792     4.550175735
2.788977101     4.874596269
-4.324046189     2.935975815
0.9450356117     2.327987253
1.952328838     1.798197907
-1.076795308     0.6155744236
-2.919319429     0.2737145861
-0.9579148188     -1.472375919
0.9282387852     -1.436548394
4.649663721     -3.455615826
-1.050917894     -1.127040949
2.269547216     -1.114301925
4.274928417     -0.6388243502
3.62678187     1.203600132
-3.804528189     -0.2804319826
-1.597803009     0.298419885
2.161007097     4.883793976
2.204934613     4.12577492
0.05498505251     0.5826875635
0.03190021066     -0.3752579358
0.4659196188     -0.5241559795
3.544509867     1.042314843
-0.01455813621     4.799256048
-4.656826868     4.770020346
-1.368135391     1.795196938
-1.537666069     3.558751364
-4.549404559     1.601194944
2.499409731     -3.670039687
4.823605637     -4.046448257
-2.173267093     3.021114692
-4.224429706     1.27384338
-4.919060882     1.802870594
0.3393310794     -0.6133316815
-3.004487836     -3.619986739
-1.17667063     2.624212848
-4.595288885     -2.470440259
0.04770994695     3.226049517
4.817231224     3.234554145
-1.981726918     -4.520557146
-2.521523974     0.4405610182
3.877261328     -1.561604641
-4.667314318     -3.371278764
3.773639146     -2.896981311
-2.272469634     -0.07558011356
-2.765800576     -0.0969850362
4.549433743     1.519686719
2.575036361     -0.6475431401
0.528812083     -4.468474296
-1.774892558     -0.9501861641
4.084336148     3.091372431
-2.417041022     -3.701534749
-0.06673149381     -1.214995711
2.184699498     -2.121950157
1.234355771     3.118739808
-1.874920203     -1.142894781
-1.560702484     3.157690646
1.692851372     -1.205811633
-0.4150309951     -1.963860286
4.105649862     -0.113822854
2.557898963     -3.919380844
-1.06410148     3.701867653
-1.391392865     4.171179158
0.438055032     -3.598561621
-3.001271298     4.489250867
4.901099548     -2.599240502
-4.834794156     -1.113848277
2.796893673     -0.2336192839
0.4013800579     -4.815491565
4.001831984     -3.055046163
3.859981191     -0.5877653575
-3.5217099     -2.604975365
2.996531751     -0.2698493972
-4.101768436     1.445505337
1.33063665     0.8438223325
2.266543812     -1.453618668
1.804066446     2.073215237
-3.376714817     -3.662636153
-0.5044392762     -4.579458746
2.973641065     -3.324442101
3.312142874     -1.750364643
1.557798975     -0.7981004838
2.819091518     -3.868074639
4.93534718     -3.184270209
2.629314169     -2.340793458
-2.558617357     -3.992615084
-1.556720812     -2.183726589
4.686403755     -2.862272613
1.059282101     -2.734486802
-3.100944982     -0.9842852172
-0.8670936933     -3.298477212
-2.009481844     1.364685684
-3.484258416     2.692431791
3.839686008     4.592216054
-4.819337297     0.8284638468
2.668540855     -1.722022348
-3.709338358     -2.080392158
3.471096489     -2.692356073
0.01974385489     -4.984020959
-4.874611966     -2.134134227
-4.01300958     -1.15244793
-1.446513082     2.199709358
-4.345549353     0.1385918637
-0.7602166686     1.898012594
-2.460568937     -0.984804408
-2.355234483     4.342505863
-0.2747475854     1.109161945
-0.115981142     0.1451956704
-2.54980751     -1.669947593
0.02362376285     0.9605793353
-1.898440021     4.629975211
-2.675996453     2.469042064
-1.774670408     -1.817678589
4.524720339     0.3472104568
3.718051526     4.346026499
1.671140831     -2.103105944
-4.344755384     -2.681113838
2.047237204     -3.048925988
-0.777816112     4.360550641
-3.577827956     1.431810047
-0.2726786053     -0.6306708943
-2.556803598     0.0591941523
4.069440931     -4.234960265
2.139039205     1.172049168
-3.109158054     -1.030181938
-2.223359428     3.580993014
4.089365747     1.17279085
-3.191812973     0.1502371967
3.246317064     -1.406755623
3.161170208     -2.066117562
-3.27882189     -0.07210412736
-3.046752307     3.643074923
-2.958028332     1.162722761
3.780505508     -1.075309133
4.465772552     -3.333017314
4.718774006     0.6396489461
0.983689119     -3.687781496
0.6677739541     0.5438027088
-1.895100394     -3.793510691
2.377908201     -2.572763475
3.228591473     -3.145240288
-1.873230615     3.817254147
1.742129461     2.392975567
-4.374567596     -3.684384384
-4.100470913     -4.916855547
-0.4348958815     1.343033208
0.2976299228     -0.02130571524
-1.642021015     -2.471766507
-2.663245586     -3.268369682
0.959810303     2.268931438
3.775730928     2.071597267
-2.652343967     -0.2200425364
-4.81788237     2.473311987
1.547235815     -4.219330577
-0.2723089917     4.964750671
0.3209752213     3.994360063
2.729009273     -2.962403041
4.071086223     -1.251874387
3.48088888     -1.733007541
-1.732633398     1.592106198
0.8676498234     -4.510167977
2.699656655     -0.0824782897
-0.1181598493     -0.7087342926
-1.052722846     2.764538015
4.747543865     2.485051594
1.345020038     -4.278197413
1.333632969     0.2892063256
-2.038323488     -1.746721309
1.311199243     4.945054226
0.1604782683     2.244539137
-2.544252517     -1.676608843
2.486091155     1.829664855
1.812713705     -4.211576277
-0.410637125     1.981468593
-4.321151685     -4.30859947
0.2704281783     -2.379512013
-0.1662483755     -3.691945356
-4.055592314     -3.796183181
4.698372058     2.562816455
-2.318236214     2.249059835
-0.8423748933     -0.2528159817
-4.445585736     1.137441431
-0.09380815156     4.044748671
4.352142702     4.182766197
-1.961747288     2.901017768
-2.737725921     -0.5104813753
0.1010891299     -2.693680746
2.1188078     4.844526098
1.552132482     -2.273330172
-0.3098443675     -4.969987947
-0.5357606698     4.709441503
-1.953364999     -2.848909554
-2.524149279     3.064510266
-0.1362890141     -0.9249808436
-2.843707058     0.4025208697
2.230242375     -2.163060839
0.4286209731     2.559246849
-1.680227136     3.017629734
3.570724319     -4.851082997
3.849426653     0.9308694077
-4.13782771     4.248759424
4.137195721     4.807567751
4.000221094     4.49714584
4.345219547     -4.91675729
2.777940311     -4.740411223
0.8787704963     1.497807707
-1.717635451     -3.88920638
-3.757273423     4.73915059
0.3322947059     1.623002818
2.082576325     -4.312614202
-2.940444216     -0.6657032333
-4.888074135     -4.307374743
-1.5693819     -1.877699195
4.92742615     -2.309356638
3.570662413     -1.443890849
2.467682798     3.448562697
-2.828613767     4.649521791
2.121926531     4.826678679
2.59899005     -3.067396251
-1.474104888     -3.036996583
3.320679272     4.525947671
2.673700518     3.619688093
-0.443362626     -1.673161606
3.382599634     0.5430878965
-3.791344272     -2.878162703
-0.0876074456     -0.903452023
2.595114896     -1.429357741
2.717860558     4.815404052
3.461617221     3.346216255
-1.328055185     -4.493740558
4.755616001     3.425892935
3.694603884     -4.245015675
-4.676239316     1.139318062
2.356802857     1.155278043
1.626300795     4.512644264
-2.341124853     4.193857265
-3.816034523     -1.869342941
3.721153998     -2.663563037
3.080584946     0.5653176675
4.435923106     0.03703462822
1.664168251     -3.470342674
4.732287748     1.337669074
-3.21350217     -4.258571958
-0.05025219679     2.859799074
-0.3532026105     3.83031661
1.473688995     4.032409695
-4.940263853     1.935618084
0.8508964451     -3.946387076
4.903198967     -2.700079747
-1.670921663     1.893828513
4.614207459     -2.734009067
4.242414059     3.762461911
-0.6825547086     -0.2911259141
0.6210247998     3.376154122
-3.516911209     1.392781828
4.955936871     1.393941034
-0.6048167526     -4.7161165
-4.168490985     0.303671852
2.820015136     2.366452252
-3.098390326     -2.381727365
-0.4775523169     -0.399731152
1.736371431     -3.230469277
-3.121691646     -4.035131875
-1.761253928     -3.29673505
-4.752659272     3.306429846
-2.551716157     -3.579649926
-3.445580323     -1.969892753
-4.664276824     -0.907106181
2.831236454     -0.5662808824
-4.825117889     -2.142156345
4.513967011     -3.286849758
-4.058501689     -2.260882519
-2.98636064     2.531163552
3.008794209     0.8608418717
-0.03005480336     0.909732449
0.687915229     -3.149019939
4.016566401     -4.755378534
-2.356235257     2.825152636
0.9970211908     0.5621543657
-4.034672536     4.267870401
-1.016086829     -4.600970596
0.8511677777     -0.867850642
-3.704665855     1.089389751
-4.44593584     3.482957579
-0.4793608141     -0.1498562153
-4.325531457     -2.789941162
1.443647264     4.758318251
4.493423435     2.36472491
-0.7914638772     1.857338346
1.862160836     -2.687337343
4.947747531     -0.6440692778
2.437926335     -1.619494617
-1.370842314     4.898832518
2.25078278     3.375066518
-1.019645753     3.51695742
-3.283970849     4.473942572
-1.491033541     -1.151213665
-1.002699725     2.183664272
3.359175296     4.508742439
-4.360185407     1.645256742
-3.236884642     -1.290419317
-3.316000931     -3.867973084
-3.474265572     -1.044832147
-1.035248719     -4.720355023
-0.4996773231     -4.014562157
4.160178113     -0.3368298247
2.491287952     2.293292788
2.363069465     1.565482885
-2.841967346     -4.485073537
-4.41301459     -0.7859317602
3.104104156     -1.831808727
3.840916502     -0.9089187774
-2.984330109     -4.745003384
-4.335595575     1.76396796
-4.189245158     -1.705884655
-1.304202238     2.968574758
-3.235147822     -4.072895527
-4.40385469     -2.13093366
2.159859     -0.06458153822
4.051245264     -0.9544693981
-4.326236971     -1.249753504
3.48578568     -1.352919064
-3.573888201     -0.7830044485
3.689625578     4.970413997
0.3369248869     -1.054336451
-1.677336541     -4.56968219
3.56515331     -3.19306894
-1.666838402     -0.6863564498
-1.725392824     -2.474097104
-3.684349484     -4.094782835
4.521431393     -2.204555803
0.7815892193     -1.46990016
-1.830376337     2.767401143
-1.29820484     -3.085135268
-4.889754191     -1.077255206
4.066733274     4.872831737
2.089234434     1.379527769
1.210545199     4.25094771
3.807479198     -4.805476791
2.204051877     0.9107682396
-4.434888479     1.387782658
-2.035284514     -0.3544002095
4.479332293     0.5193245708
0.03410313193     -3.666635235
2.131253516     4.251001272
4.035488176     1.362923615
-1.580309646     1.636533693
1.596103928     -2.295617763
1.422801166     -0.707462118
3.022126916     -1.678164374
2.105066235     1.542779493
-2.593447276     4.191172425
1.03837304     -1.167545183
2.801254961     -0.04995259094
3.850606087     -1.020123979
-2.220622295     -2.574736219
-4.98508707     -1.050127629
-2.980026337     2.720747586
1.084567445     2.790569424
-0.006077941762     -1.154887963
3.307309145     -3.72042804
-2.503349637     0.03152600743
-3.717885735     4.786866261
2.268693151     -2.766009778
1.825770186     -0.5129197447
1.720589255     4.093655533
3.387621388     -2.881105946
4.510701731     3.77891618
2.090703386     4.707134092
-0.7709059521     3.372764047
-4.066807013     1.734266367
-4.016293927     1.974916019
-2.840486829     2.778300169
-4.192633932     -0.9469883531
-2.925095602     -4.149673299
0.1918253437     4.784873087
-3.339097874     4.184744797
-1.952481006     0.808893751
3.438776954     -1.119277493
-4.939864576     -4.900801813
-3.016271779     -1.066179214
-3.034794073     3.35258317
2.797389951     -4.227965988
-2.085801169     -2.245197893
1.217059917     4.21171192
-2.74581634     -2.152044434
-4.153662427     -1.722029253
-4.479011613     1.10884359
0.4457275013     -1.520962089
0.2696657837     4.998612966
3.552493648     4.029634545
-3.711945201     1.158180724
3.303415068     4.87830828
1.456185809     2.503323
2.573719172     1.666441785
0.4002750224     2.302547065
2.797417913     -0.1135296614
0.9375866808     4.671731559
-4.216223303     -4.648308519
-1.277886582     -4.220865912
2.8418741     -0.2288008422
-0.5934759762     -2.182068737
0.1680500971     -1.321394043
-3.821085118     0.9862499548
-4.83417304     -0.3222281947
-3.934919207     -1.612708833
-4.131080175     -2.948420408
0.1777902546     -0.2322079458
-4.648097824     3.531390727
4.506138613     3.529354623
4.803003189     3.623074211
3.213070225     4.186241625
0.9823175058     3.267744492
0.3760613431     4.131385058
-3.322176947     -4.811113834
3.565001365     3.41376715
2.881869728     2.295185344
2.345474757     0.864633861
0.6322989896     4.242325286
1.052371774     -3.986778474
1.190145549     2.338201276
-2.090358211     -1.813751365
0.7389281935     1.412637431
-4.445783271     4.799147833
2.925165641     1.391802429
-1.756736379     4.726790433
0.05234961062     4.214434008
0.6961180885     -0.5365339424
4.644654827     -3.798032599
4.849238373     -2.700301836
0.9699592964     0.70347741
2.646436877     -0.8781738895
-4.441151991     0.06001708276
-3.279587285     0.2902597369
0.3451704251     1.826849513
-0.275722524     -1.691855759
-1.254850409     -3.620741139
2.293897299     -1.70700598
1.605067691     -4.362564225
4.073856759     -3.953418526
-4.007485915     -1.07479769
1.656693888     -0.04401597301
-0.3760785966     -2.887136508
-0.9049718296     -3.92275495
-0.1067889758     -3.881769873
-1.414012447     -2.093376062
-1.721964354     -2.409712632
0.4520721365     -4.303682125
-4.82658488     -3.650808095
3.965398857     2.423225837
1.03663204     4.528853686
4.141628486     -2.576485263
4.020676861     -0.5686641828
0.6268228189     -1.488629355
-4.633219133     0.6378333591
-1.528109222     2.717218703
1.301894492     3.926086981
3.619935455     -1.623879199
1.637819119     1.843613975
-0.9991895529     -4.816078937
-4.959140002     -1.097014782
4.999415777     -2.999354677
1.280427289     4.194825785
3.527824293     3.278420475
4.236111701     -2.241303557
1.450097241     -0.8181183515
4.920460434     -0.292544467
1.753359379     4.333301469
0.7110298127     -0.6165768329
-1.799538617     4.154638988
4.821081049     -2.202949145
-4.802227888     -1.637013424
3.861474998     -3.887347325
-1.879226239     0.2482484592
-3.806248957     2.608764804
-1.873467618     -2.110130386
-1.741896566     -0.8834287702
-2.366455193     -0.1358163185
-2.732913949     4.313009011
-4.554530299     4.764749661
2.82995617     -0.4947621077
-2.860373719     -3.969020023
0.4499044702     0.3608718224
1.679349084     -4.191666745
1.467773231     -3.542575088
-0.9690770488     4.184395284
-0.7655348838     1.423154572
1.156541694     2.996470688
-0.5725520686     2.00246953
3.190640735     -2.34639117
-4.442946125     2.074868655
3.006655719     4.673053352
4.920518177     -4.577622969
4.232628108     -4.371795472
-1.185104074     -3.722810096
-0.6083944414     -4.913974419
3.74003306     3.870141225
0.1849535886     -1.942222966
-1.036045333     -0.9735977261
-2.750506904     0.5129953841
-2.141047708     -1.287684521
-4.505402897     3.141430442
1.212985538     -1.891876588
-2.709031691     -0.6918614902
2.245167384     3.620681741
1.821116343     0.7721462044
3.019684077     -3.329103112
1.37494323     4.915809522
4.093771953     -0.2611136693
1.101486067     3.978144016
2.124806152     -0.7442682553
0.276575564     -2.7141078
3.945813685     -3.912150039
4.499081077     -1.019198916
-4.719689342     -0.5293336118
-2.940828568     3.90864779
4.404095651     -4.240229948
-3.6146921     0.1399432955
3.670865885     3.062704779
3.400459603     4.166260835
3.245345591     1.561760423
4.035938282     -2.214425002
3.242417057     1.832976204
2.168309274     2.808809737
1.62260718     2.508070898
-2.97859017     0.6878285154
1.486090855     1.978053311
1.375211567     3.091302663
2.893385744     2.253770624
-4.728922336     4.530982047
-3.636330167     -2.91085325
-3.692745069     3.713931691
3.889331262     -4.936304653
1.953567668     3.198011493
1.544119271     -0.3987177489
2.331179333     0.6695487604
-0.562278777     0.2568060145
0.659051379     1.409039767
0.9603473118     2.672012142
1.781067658     -3.657853343
-2.491690658     -1.686453308
-3.165337328     0.9522134877
2.743015376     -1.556751016
-2.046251286     4.039396533
-0.2366509625     0.738881214
-2.27270424     -3.410427944
1.965882572     -3.063736601
-3.608518651     -3.933037612
-1.975308143     -2.055667418
-4.959782704     -3.618451715
2.43974471     -3.274474219
1.508973951     3.038097471
0.1908419057     -4.114815659
1.9736803     3.650210396
-0.4464502732     3.891744736
0.3201411515     -1.765820306
-3.188741989     0.5913517679
-2.504507095     -1.226921903
-3.976573901     4.869165346
-2.466710789     -0.8196454967
-0.6332230961     2.322869524
-1.16158595     -2.047457577
3.488111294     -3.732718644
-0.2306962095     2.851110353
4.980410759     2.944676246
-4.727004714     4.593130606
-1.645069185     -4.529791728
1.059377471     4.74057174
1.913998149     1.744845083
-2.991883833     -2.911052048
3.633493348     3.655373787
2.211200029     -4.798318518
-1.253489226     -1.867389567
-0.0169471153     2.291833621
2.14941131     -3.739846893
3.006132847     -1.692125473
-0.8630611646     -1.708251752
1.154121831     -1.860925278
2.838446791     1.704483983
0.3743088759     2.21635317
2.297826635     1.394818823
1.361990011     -3.979899227
-3.852771465     0.5607979443
-0.3303683216     2.436043744
-4.082785542     2.970647644
0.4563823196     4.704683381
-2.941950866     4.007861642
2.351164846     2.899717786
-1.025166257     4.091025867
-3.854151506     -3.508333641
-2.852924916     -3.695077795
-4.306439465     -4.104695633
0.9674358747     4.569435394
-3.791545035     3.55570828
3.222305012     -0.2796460638
1.726033116     -3.359939253
2.659436934     -2.584085558
0.3736001734     2.229721968
-2.945223539     0.8412451776
-3.555222279     -0.4277434667
-0.8285166556     -1.041360781
-0.4905697172     1.242936367
0.6010656725     2.82827531
-1.987624702     3.063247259
2.021890871     -1.563506456
-4.793952987     -1.129948729
-1.824421117     -3.654164894
-0.6453917516     2.4640257
-4.906284896     4.972765168
-2.184768581     4.704708866
2.875684423     4.781691544
-3.460475177     -1.120626227
4.18095414     0.03711255284
-0.4025667803     -3.813329757
0.9955620019     3.485467033
-3.479811883     1.407877944
2.095392899     -4.187530135
2.206810813     -4.966179182
3.590272862     4.859762866
-3.063300342     -1.635622976
1.143174206     4.102090036
-4.747647069     -3.777337459
-3.442027601     2.453499606
-3.990882788     -3.847020748
4.390784006     0.003290755587
-3.296224147     3.563961557
-1.678191776     0.2704794394
-0.544717754     -1.847717517
-3.46361465     -1.850651336
3.529207849     -0.9746347719
4.390827212     -0.9034234137
2.691667167     -1.368956147
1.412631534     3.696218689
4.273176253     -0.8655528344
4.296283499     -0.6201377937
3.086811774     -1.470355404
-1.644486324     -1.741747966
-4.03023912     2.202497021
-4.936045247     -0.8961446588
4.014303566     -4.377019572
3.947281973     -0.4045516174
-1.626231348     -0.7701108312
-2.821900224     -4.026623847
-2.517447922     -0.4927846029
-0.6820762182     -0.827877755
-0.586484991     -3.468358643
-4.898851881     2.492579245
4.523707526     4.092341981
-4.257916426     0.1316991665
-4.096976549     -4.678765108
-3.822514326     -3.50077514
3.527249365     -2.540031942
4.133139297     2.904092543
4.565620883     -1.518845918
1.870591427     0.8755971988
-0.8372428118     4.748864429
-4.93458125     0.6530347394
2.433287013     2.460555845
-2.238513811     4.3495518
3.075490337     0.1098401421
-0.8302569439     -3.442828898
4.930641153     -2.134475973
-2.315709931     2.828767499
-4.391820253     2.101229184
1.250280418     3.771474132
-1.558888689     2.176856355
-0.5534649118     -3.189246012
1.007118532     -0.7953630674
-4.889452994     -2.054688234
1.406717076     1.984603963
2.523492419     -0.5603409429
3.71064145     -4.039490578
3.567791003     -1.911596645
-0.2177534663     0.7965431257
-1.88808228     -4.772803183
0.4121466976     2.745891613
-2.055945651     2.227079074
0.5820107874     2.390903853
-2.784345029     3.810903633
-1.205432153     -1.734287877
1.476525599     4.490031596
-0.02489663699     -3.910139359
4.567128939     4.251248529
-1.240182939     -0.351192056
-1.136651388     4.528087251
-2.768094863     4.020556618
-4.893212473     1.6675966
4.375512297     -4.82975699
-4.977869946     -4.753949455
1.052679538     -3.979023465
-1.110237926     -3.26453283
1.059588392     1.171225195
-2.268932818     -2.448624455
-4.664245837     -1.620093129
2.213041603     4.534751805
-3.921318476     3.755307186
-0.5045770877     -2.38969325
2.593882066     3.049051736
-2.586032354     -1.522274712
2.336577379     -2.275215718
3.890112326     2.775465112
-2.08830289     -3.528478637
-0.4170249296     2.297252862
2.865707299     2.1871389
-2.237224436     -4.835458973
-1.184908495     0.3909145891
-1.610956766     3.36232178
-0.04959610002     3.436846846
4.10755798     0.5928837261
-1.332186244     2.877511709
-1.880298855     0.6804936901
-4.153364653     -4.268482641
4.361585841     0.2943619722
1.609685661     1.379706939
0.9430304032     4.929069326
3.253236095     1.149303173
2.406834826     0.2063175037
2.204467567     -3.771295853
1.82534498     2.179561415
1.747549833     1.663372264
-0.2717802836     -4.426479877
-1.238980659     1.247008739
-3.85701756     0.3366953048
1.545963423     4.56694681
4.554680962     3.971737206
4.061543664     -3.549408607
-1.236582332     1.821651846
0.3331502213     2.155591888
3.239897816     -4.957406508
1.810295575     2.412016173
4.180392322     0.8023787626
-4.791044078     3.371740656
0.9706609091     -2.252312974
-1.848285085     -4.941602811
-0.181392118     -3.315222207
-1.248947478     0.1330121263
4.759689498     -3.322125932
3.669528023     2.269352983
-0.8902315835     1.80129903
-1.366217088     -2.044482646
-0.3894071873     1.903402098
-3.48010209     -4.240278058
0.9076589577     -0.1671577989
3.081995602     4.658468717
-3.960285862     1.982111978
-0.2604678083     -3.917481554
-2.811295622     -0.7583160849
-3.108469548     -3.921289096
-1.142224382     -4.164046754
0.5409961828     -4.826611138
4.965247859     4.991929082
1.42889149     1.038625424
2.248949628     2.757782904
-3.028616067     -3.988869868
-2.719532565     -1.155802962
2.038614586     -1.626106115
4.461668717     3.06755161
0.380502356     3.076461702
-3.826656466     -2.001403029
-1.216959474     2.384153951
2.947695901     2.897130115
-0.8420482619     3.950012422
1.8533331     -4.644283759
3.735565731     0.7568423623
-4.278219112     1.675915018
3.159335738     -0.4934496071
2.977078558     -1.294642293
2.918709884     1.078886398
-4.844325625     -1.684462545
1.286246858     -2.930404651
0.3160328233     -4.906184595
0.2651891359     -0.7942070889
0.02220974937     3.308375898
-0.2636351932     -1.728544495
3.543377823     4.639900918
-1.284485166     -1.64531955
-0.002752993524     1.046171253
0.5246883933     -0.735150822
0.1397461612     0.100651794
-4.673165295     -3.318294204
2.993945194     3.332780281
1.417353762     -3.552491343
-4.13302219     2.434399865
-1.146392785     3.720489949
3.227750708     -3.059809349
-2.220196811     0.3900109842
-4.596440731     2.787111694
-4.197993912     1.622371675
-0.5417421049     0.8192113326
-1.729552243     -2.187116642
-4.730230919     -1.611343872
4.225243354     -3.005467973
3.49796732     1.104388933
3.115564365     -1.255607899
-4.46277651     4.257945493
3.830980901     -4.666358603
4.627066015     1.69122717
-4.230715372     -2.969179884
-3.860005667     0.07111016384
-1.276236676     2.095347082
-0.297674902     -2.760436355
3.472010732     3.231246425
-1.646391159     -4.226701566
-0.9466416307     -1.925900944
-0.4740787813     -0.8651552215
-1.455636748     -4.712675336
-4.218446799     0.4006159262
-1.219876981     -3.332792492
0.2304411971     1.886727731
1.895029693     -2.080935025
-0.1771603774     3.105511791
4.873867358     -4.480133218
-3.112137291     1.003444817
-0.5744844027     0.9681989918
-1.3819272     -2.815085284
-0.6871827725     -0.08467702594
2.127278242     -3.507885278
-4.012030728     0.5371364844
-0.08960455929     -1.89819696
1.003868778     1.099505239
-0.6405949264     -0.3794360541
3.568406491     3.913012867
4.353804393     -3.672619114
-3.651274811     0.4413864705
0.6545212703     1.096114866
-0.6647943361     -0.2537305829
0.5930407797     3.387355108
4.644948534     2.765014366
-3.072303939     -2.492463352
3.958488564     -1.992640498
4.57201858     1.350540354
3.983020272     -1.189825415
3.023414461     1.227841112
-3.178892832     3.565261876
-1.576665174     -3.193140086
-3.396049214     2.406226809
-3.445236595     -3.3986315
-1.088527893     0.8697161463
1.375687255     -4.364708605
-1.318611956     -1.055961015
1.935797152     2.160754796
1.401244859     2.446037561
2.706849361     -4.186849448
-0.6364133797     1.491024274
-1.849735463     1.121353378
4.182105648     4.685242507
1.814064257     -2.936102953
1.709250118     1.501659323
1.743343125     -1.740960005
-0.1311813476     2.835374485
2.73615074     0.7259051841
1.09089594     4.463216786
-0.500611018     -3.049817436
4.318682263     3.017111202
-4.731640585     -4.974635953
1.485699689     -0.5839156557
1.511184242     4.357842127
-3.707639085     -3.856896894
1.26630851     -4.141097958
-4.024396441     3.1008494
1.590198696     2.080657322
3.977557827     -3.579772462
0.9061392796     3.260306714
3.997303378     4.94889875
-4.781473006     -0.07522605853
4.789764535     -1.856298562
0.5164059349     0.8529827114
-1.115685961     1.806436116
0.182819461     -2.668153007
-0.6090930782     1.052126623
0.3034510288     2.62328024
3.27236094     -4.730978239
-3.947470455     2.764196639
-4.785226004     2.380827467
-2.780404139     -0.08646039121
-2.213645645     2.693656784
1.988229685     4.865479659
-1.012297829     3.438046691
-0.0625944927     2.870773683
0.6089989422     4.343062518
4.172139076     2.678262962
-2.610712361     2.276926726
-2.008999476     3.444717061
-4.805495592     -3.586984792
0.2150415428     2.118189155
-1.436010125     -4.62459704
-2.448981595     -4.417476873
0.6434156003     2.082945212
-3.581871925     -2.238985596
1.088410651     -2.152297176
0.1816211466     -3.46226569
3.276854023     0.3981964163
1.57060886     -2.393333411
3.269696865     3.188099031
-2.823368865     2.746723399
-4.762799636     -1.601815346
-2.342682769     -2.148567273
0.9310103101     -1.458525578
-2.833277596     1.705434321
-4.375588681     -1.292832899
-1.275853782     4.779310399
2.534610506     2.41380195
4.819027297     3.812461769
-1.556166811     -1.005631905
-1.323362356     -4.647628456
0.8124298308     -0.4886554153
2.519704482     -4.326114194
2.456177401     -2.138316607
-2.535307398     0.1056507068
1.165893396     -4.178566115
2.509492485     2.599554845
-2.13572088     -3.080668918
4.211509439     -3.236949055
2.037805235     -2.252962117
1.86397841     4.907688437
3.347790791     1.053339152
-4.187279272     2.79303247
3.918675279     -1.317481452
-4.142220065     4.244253713
1.374085871     3.419385591
-1.745846181     -2.013837609
-0.3300303024     -2.385393135
4.938324685     1.563049506
4.612411144     3.98854968
-1.508644064     -3.631859792
-4.544372284     0.4151336101
-3.642035142     -0.3326515666
1.261309357     3.392462728
4.150180319     -1.01855808
2.080970016     4.175276683
-3.755411875     4.18273076
-3.08621148     -1.742134621
1.205416257     2.190759366
4.161075349     -2.491947901
-1.77290496     -1.26054805
-2.773784854     -0.7894152131
-0.07665189257     -0.1948969838
0.7066031133     3.310625905
-2.768177466     1.93290931
3.112562305     3.238737143
-3.712347232     -3.470229278
-0.7310832974     -1.786695306
-0.6005652029     3.453524132
-1.004202297     -2.233404466
-0.4755423317     -2.028730649
1.036078455     4.792895281
-2.529633322     -4.055140704
0.3147001555     1.510757433
-2.344362922     -3.997549673
4.482290185     -2.168835518
1.057063505     -3.796620778
4.935334556     -1.476416657
1.999954635     1.820355791
1.489764489     0.3237134836
-2.127647227     -4.993718986
-2.093444589     1.20680704
1.015606865     0.1456843278
1.522702411     4.925004172
0.5432810928     -1.691920853
1.570097478     2.541262769
-3.919876262     -3.402056722
3.152060722     0.9356041014
-4.646888956     -4.446668319
Using Farey_fractions: 0  (7870201585803270576691/31250000000000000000)
Using long double: 251.8464507
